0000000000000000000000000
0000000000000000000000000
0000000000000000000000000
0000900000000000000000000
0000000000000000000000000
0000000000000000000000000
0000000000000000000090000
0000000000000000000000000
0000000000000000000000000
000030000111111111100000000000
00000000111111111111110000000000
00090000111111111111110000000000
00000000111111111111110000000000
00000000111111111111110000000000
00000000111111111111110000000000
000000000111111111100000000000
0000000000000000000000000
0000000002220000000000000
0000000002320000000000000
0000000002220000000000000